[simulation]
shape = spot
spot_angle = 50.0
vol = 6.25
sperm_conc = 1000.0
vsl = 0.13
deviation = 0.1
surface_time = 4.0
egg_localization = bottom_center
gamete_r = 0.15
sim_min = 1.0
sampl_rate_hz = 4.0
seed_number = 0
sim_repeat = 1
display_mode = 2D
drop_r = 1.142695374335208
limit = 1e-09
number_of_steps = 240
radius = 2.6060257509964493
spot_bottom_height = 1.6751210632645763
spot_bottom_r = 1.9963315451757917
spot_r = 2.6060257509964493
step_length = 0.0325
x_max = 1.9963315451757917
x_min = -1.9963315451757917
y_max = 1.9963315451757917
y_min = -1.9963315451757917
z_max = 2.6060257509964493
z_min = 1.6751210632645763

