[simulation]
shape = spot
spot_angle = 50.0
vol = 12.5
sperm_conc = 1000.0
vsl = 0.13
deviation = 0.1
surface_time = 4.0
egg_localization = bottom_center
gamete_r = 0.15
sim_min = 1.0
sample_rate_hz = 4.0
seed_number = 0
sim_repeat = 1
display_mode = movie
limit = 1e-09
number_of_steps = 240
radius = 3.283386700248521
spot_bottom_height = 2.1105202887293206
spot_bottom_r = 2.5152201363361373
spot_r = 3.283386700248521
step_length = 0.0325
x_max = 2.5152201363361373
x_min = -2.5152201363361373
y_max = 2.5152201363361373
y_min = -2.5152201363361373
z_max = 3.283386700248521
z_min = 2.1105202887293206

