[simulation]
shape = drop
spot_angle = 50.0
vol = 100.0
sperm_conc = 3160.0
vsl = 0.13
deviation = 0.1
surface_time = 4.0
egg_localization = bottom_center
gamete_r = 0.15
sim_min = 1.0
sample_rate_hz = 4.0
seed_number = 0
sim_repeat = 1
display_mode = movie
drop_r = 2.8794119114848606
limit = 1e-09
number_of_sperm = 316
number_of_steps = 240
radius = 2.8794119114848606
step_length = 0.0325
x_max = 2.8794119114848606
x_min = -2.8794119114848606
y_max = 2.8794119114848606
y_min = -2.8794119114848606
z_max = 2.8794119114848606
z_min = -2.8794119114848606

