[simulation]
shape = drop
spot_angle = 50.0
vol = 6.25
sperm_conc = 1000.0
vsl = 0.13
deviation = 0.1
surface_time = 4.0
egg_localization = bottom_center
gamete_r = 0.15
sim_min = 10.0
sampl_rate_hz = 4.0
seed_number = 0
sim_repeat = 1
display_mode = 2D
drop_r = 1.142695374335208
limit = 1e-09
number_of_steps = 2400
radius = 1.142695374335208
step_length = 0.0325
x_max = 1.142695374335208
x_min = -1.142695374335208
y_max = 1.142695374335208
y_min = -1.142695374335208
z_max = 1.142695374335208
z_min = -1.142695374335208

